%YAML:1.0
camera_name: "8009_1"
image_width: 640
image_height: 480
distortion_model: rational_polynomial
camera_matrix:
   rows: 3
   cols: 3
   data: [ 2.8104341009422484e+02, 0., 3.2715807977438953e+02, 0.,
       2.8152093117516017e+02, 2.3741555700891024e+02, 0., 0., 1. ]
distortion_coefficients:
   rows: 8
   cols: 1
   data: [ 5.3134695633993289e+01, 3.1897057140662987e+01,
       6.4644292360453346e-04, -7.8440679593477536e-05,
       1.4535517100344633e+00, 5.3530175911212780e+01,
       4.9694063256537085e+01, 7.2223974198445617e+00 ]
rectification_matrix:
   rows: 3
   cols: 3
   data: [ 1., 0., 0., 0., 1., 0., 0., 0., 1. ]
projection_matrix:
   rows: 3
   cols: 4
   data: [ 2.1277734646200170e+02, 0., 3.2011968184883835e+02, 0., 0.,
       2.1277734646200170e+02, 2.4031408363595028e+02, 0., 0., 0., 1.,
       0. ]
