%YAML:1.0
---
camera_name: "8009_3"
image_width: 640
image_height: 480
distortion_model: rational_polynomial
camera_matrix:
   rows: 3
   cols: 3
   data: [ 2.7960669269491291e+02, 0., 3.1804673668711035e+02, 0.,
       2.7923710951196063e+02, 2.3891565827086615e+02, 0., 0., 1. ]
distortion_coefficients:
   rows: 8
   cols: 1
   data: [ 3.2972028776046436e+00, 1.2700807974915598e+00,
       -4.4673286364583728e-04, -9.3383155268692594e-05,
       3.9922097556752356e-02, 3.6364321529025760e+00,
       2.2671185969937904e+00, 2.3289100752951941e-01 ]
rectification_matrix:
   rows: 3
   cols: 3
   data: [ 1., 0., 0., 0., 1., 0., 0., 0., 1. ]
projection_matrix:
   rows: 3
   cols: 4
   data: [ 2.0970501327148827e+02, 0., 3.2003505251428811e+02, 0., 0.,
       2.0970501327148827e+02, 2.4068765261959535e+02, 0., 0., 0., 1.,
       0. ]
